[40.757634240590896,-73.97618089283824]
[40.73286326339003,-74.00044227248486]
[40.77183810322129,-73.88630788397997]
[40.64547401360788,-73.77675110388034]
[40.809634818226925,-73.94783095630443]
[40.70989951800293,-74.01401195139323]
[40.69727799404948,-73.99055094038836]
[40.78459436444229,-73.97879431693521]
[40.76847343665979,-73.95373816923113]
[40.71844190356355,-73.79690527374846]
[40.70399992897583,-74.01312730621271]
[40.75153107358632,-73.99465909206447]
[40.751842462980385,-73.97779638613724]
[40.72973915483085,-73.98211691648116]
[40.74909172278146,-73.9310680232709]
[40.79414043438281,-73.97228442076883]
[40.713594811672166,-73.95946890724284]
[40.7620998441946,-73.96785809740895]
[40.6428867540743,-73.78926403708384]
[40.75024067731552,-74.00398835260803]
[40.67797634533268,-73.94137186133844]
[40.73937150290955,-73.97834023757484]
[40.81535841852409,-73.95786835201106]
[40.767505915237365,-73.99052060529408]
[40.76747715738896,-73.98309054764907]
[40.83635532091044,-73.86111031250138]
[40.79108408457274,-73.94347658756189]
[40.72478300078479,-73.84377878843614]
[40.76165847925485,-73.98748641091731]
[40.72076430430116,-73.99380561635513]
[40.74998561745614,-73.98275781847143]
[40.73290374281143,-73.97887067618842]
[40.762957186001174,-73.97321378536867]
[40.738692699181485,-73.99661136861033]
[40.66789441124555,-73.8022274122241]
[40.784596021545454,-73.9718958033832]
[40.72708084734941,-74.00251772164611]
[40.73937783842251,-74.00146369021361]
[40.726088283410995,-73.99218266728809]
[40.783447557899045,-73.95520265072494]
[40.84486036747495,-73.93937675675235]
[40.733097659913845,-73.98673747624689]
[40.7610543741453,-73.82711386369101]
[40.769501958404604,-73.86346037534707]
[40.77173671714449,-73.96497348726187]
[40.730430545279624,-73.99120504890632]
[40.72283506315239,-73.98675775418961]
[40.67886421564009,-73.85730764787611]
[40.76445339247151,-73.92723222964398]
[40.77989391937093,-73.95991018512476]
[40.77389274295701,-73.87262499816626]
[40.777904078321335,-73.97702005592492]
[40.682078378190994,-73.97544814097093]
[40.62574638836626,-73.93892772508704]
[40.69880374471121,-74.18001869308466]
[40.72524492900719,-73.95333708534609]
[40.66558097735325,-73.90774028434483]
[40.766753418153826,-73.96259937702202]
[40.75331485224315,-73.96942308974573]
[40.691581766687285,-73.9821350602319]
[40.79902611464927,-73.94865042795354]
[40.70958168626135,-73.74980870119677]
[40.80597103516589,-73.96442694532064]
[40.680007823660404,-73.99906252808711]
[40.68929926855792,-73.95929439522135]
[40.76110581077403,-73.98216031219425]
[40.589433077364994,-74.19837296480513]
[40.739177679426454,-74.00657031770838]
[40.826809369177916,-73.91524678430915]
[40.75823222569057,-73.72888547188896]
[40.74443978333941,-73.97439510003093]
[40.73844808896516,-73.98461781442396]
[40.77318696429427,-73.98180019193477]
[40.69935086252091,-73.92674552500894]
[40.72121632157056,-74.007195142441]
[40.639789277805455,-73.96941804911637]
[40.80043426815447,-73.9371101213705]
[40.77546105521157,-73.98803242148243]
[40.74268577282031,-73.9885083800433]
[40.73463790575912,-73.99215334448901]
[40.64559269843043,-73.78240382239697]
[40.79803743210898,-73.96212588728658]
[40.75726988879456,-73.96533383974803]
[40.75066366476642,-73.98770577152818]
[40.71429471388664,-74.00751090822556]
[40.77293910377072,-73.94956755290066]
[40.82745309496546,-73.9477308692335]
[40.647191922856834,-73.7907719989774]
[40.71481627734121,-73.99483025194671]
[40.77420125191211,-73.95551255056837]
[40.742556064870755,-73.99428094494792]
[40.77504333001496,-73.96141159732933]
[40.68486312042963,-74.10184124093432]
[40.75222764666318,-73.94134436753312]
[40.76635541433489,-73.96802480749794]
[40.715152097408,-74.01413641380245]
[40.81518044929624,-73.93785550689503]
[40.78914618554883,-73.97587545587714]
[40.74572832931043,-73.90180673316253]
[40.831698698963194,-74.17566085376328]
[40.706600428244045,-74.00679293759684]
[40.71899364531671,-73.98852029860824]
[40.77869474045364,-73.95419802130772]
[40.86742414836558,-73.91592081112593]
[40.74596693580067,-73.9922290441925]
[40.77061260725832,-73.95904387265331]
[40.742746974350354,-73.9829136883089]
[40.79986442539054,-73.96873532450529]
[40.76407633129331,-73.97860494618557]
[40.6211634718527,-74.0818722341943]
[40.80328981267584,-73.95588372293018]
[40.754329052250824,-73.98020692180677]
[40.74572646035594,-73.99943865362393]
[40.638689037796034,-74.01474858648425]
[40.66478639972228,-73.95801511989116]
[40.76041780345073,-73.9976532096643]
[40.73818538354601,-73.98965027776553]
[40.782274680784944,-73.94906685967538]
[40.72522161635613,-73.99659623104365]
[40.723216911372575,-73.97997424857385]
[40.88208751858405,-73.86002826690674]
[40.761361358945045,-73.96123713255628]
[40.74413561025158,-73.91992133422569]
[40.739146780637235,-74.04115096139437]
[40.74630740188224,-73.97965533848527]
[40.72770353894726,-73.98621211359999]
[40.77988160615487,-73.98187405529077]
[40.71173579100472,-73.94593692710035]
[40.86420433476286,-74.03839702326297]
[40.769003220888465,-73.91359061934952]
[40.733570817381626,-73.87044810483276]
[40.791689547733725,-73.96709892173389]
[40.732117629854194,-74.00639639702867]
[40.58880633008415,-73.97521960109869]
[40.744605318863094,-73.95217408934735]
[40.777343906448564,-73.94664675417512]
[40.78796083136201,-73.95289100266116]
[40.72027527874038,-73.99925694779826]
[40.75688409221479,-73.99079516424912]
[40.699382130379234,-73.81678734832933]
[40.76504902595858,-73.95602524901766]
[40.75744378150548,-73.97149473061492]
[40.749616316478814,-73.8853139843687]
[40.74336781549932,-74.00554781706151]
[40.74999531540795,-73.99140503614986]
[40.74636247358821,-73.98573034006395]
[40.7510093221736,-73.97410586420582]
[40.756528338028495,-73.9851256396413]
[40.67062441183412,-73.98586336399]
[40.688514837699586,-73.9932190265242]
